time,x,y,z,phi,theta,psi,x_velocity,y_velocity,z_velocity,phi_velocity,theta_velocity,psi_velocity
0.06,-0.0124295999793,0.00868811479236,10.0182602766,0.473600018074,0.921141286561,0.0,-0.694883715589,0.416813789565,0.386594524594,-10.8246240608,10.8259733959,0.0
0.12000000000000001,-0.068182369847,0.0278331361415,10.0476143756,5.45004531598,1.26158371424,0.0,-0.618623181155,0.0804045120138,0.560707561782,-19.2940411225,19.2883226858,0.0
0.18,-0.117037247336,0.021373716415,10.0599103875,2.33008579952,0.666081265185,0.0,-0.491237022863,0.0138922245757,-0.292799373782,-24.3806542901,24.3624648208,0.0
0.23999999999999996,-0.17866562485,0.0314625109241,10.0156364528,1.91891626026,3.29402560647,0.0,-1.53841574425,-0.0767733208591,-0.837287697615,-26.908503985,26.8863415704,0.0
0.3,-0.251808585569,-0.00643301776763,9.95489871327,0.503684077066,5.15900649026,0.0,-0.62847003133,-0.924569754751,-1.32152520827,-28.0448183334,28.0196517267,0.0
0.36000000000000004,-0.260270980628,-0.0600042210124,9.88370528964,5.13232565562,0.61057628258,0.0,0.0426843585256,-1.10979964857,-0.904841170878,-28.5183421031,28.5081224638,0.0
0.4200000000000001,-0.290008147455,-0.149548739279,9.81966405416,3.42322311347,2.33322692358,0.0,-1.16662349523,-1.5850327272,-1.29717340575,-28.7123719781,28.7117738037,0.0
0.48000000000000015,-0.379269116756,-0.247470789148,9.75703225119,1.69969914406,4.05929992907,0.0,-1.46468326571,-1.97464086756,-0.808161253394,-28.7928243017,28.7979350522,0.0
0.5400000000000001,-0.428894831834,-0.380263511011,9.69434819284,6.25465864269,5.78794209017,0.0,-0.165104165263,-2.17674950664,-1.17380528399,-28.8310739053,28.8247026666,0.0
0.6000000000000002,-0.431405832795,-0.523487401914,9.64102512788,4.52451670473,1.23446168238,0.0,-0.270668061521,-2.82454750847,-0.792553603346,-28.8438942625,28.8334557423,0.0
0.6600000000000003,-0.488108800015,-0.697237991115,9.58027788035,2.79379533311,2.96441243034,0.0,-1.53430436305,-2.80826510963,-0.981834498594,-28.8476683657,28.8310453208,0.0
0.7200000000000003,-0.574615336145,-0.887050309132,9.5346403911,1.06282531241,4.69417725583,0.0,-1.02183805749,-3.59064837716,-0.828358878498,-28.8524334692,28.8268183445,0.0
0.7800000000000004,-0.597277376679,-1.0995744814,9.47849495124,5.61490344508,0.140562209009,0.0,0.0792976697771,-3.52207455528,-0.749895874761,-28.8508281607,28.8251735402,0.0
0.8400000000000004,-0.610116900438,-1.33742087995,9.43762335938,3.88401280824,1.86996338566,0.0,-0.774118501569,-4.28685759832,-0.882437753049,-28.8444730431,28.820438323,0.0
0.9000000000000005,-0.689604930717,-1.58928091814,9.38791714882,2.15348687871,3.59921150653,0.0,-1.60436182718,-4.30106213101,-0.549607167814,-28.8387552976,28.8213451762,0.0
0.9600000000000005,-0.757528228959,-1.87219378012,9.34949976938,0.423111043815,5.32853654601,0.0,-0.480695319335,-4.87575378797,-0.879765917268,-28.8409024529,28.8231750026,0.0
1.0200000000000005,-0.762276409139,-2.16490254815,9.30881275106,4.97587681528,0.774658543563,0.0,-0.0026222118636,-5.16604685426,-0.418836607823,-28.8394697745,28.8196002575,0.0
1.0800000000000005,-0.798057187838,-2.49261142691,9.27078178339,3.24534287125,2.50398742149,0.0,-1.2682308441,-5.46326402745,-0.817352252107,-28.8467995462,28.8257192293,0.0
1.1400000000000006,-0.887035948422,-2.82756344508,9.23863809465,1.51450842205,4.23345224794,0.0,-1.34525463887,-5.97392453836,-0.374197795717,-28.8479162129,28.822359178,0.0
1.2000000000000006,-0.927677698998,-3.19414869903,9.20198372859,6.06683001337,5.96278711121,0.0,-0.0503834862649,-6.0435829799,-0.647859192371,-28.8474469766,28.8220788289,0.0
1.2600000000000007,-0.930176957618,-3.57550267405,9.17782917424,4.33616489825,1.40905115137,0.0,-0.370807357221,-6.79316303121,-0.41536048865,-28.8402304431,28.8271058436,0.0
1.3200000000000007,-0.992382029092,-3.98164789629,9.14289070256,2.60590490108,3.13869263235,0.0,-1.5587957889,-6.68355018041,-0.462052950191,-28.8340749675,28.8277358794,0.0
1.3800000000000008,-1.07353617415,-4.40631409043,9.12355644085,0.876014827429,4.86853410765,0.0,-0.845452077131,-7.43547906406,-0.47569560774,-28.8278964476,28.8347872043,0.0
1.4400000000000008,-1.08847757719,-4.84849586757,9.09450558555,5.42938919412,0.315610351068,0.0,0.113592758731,-7.44671963474,-0.239337783262,-28.8338997649,28.841724313,0.0
1.5000000000000009,-1.1048986011,-5.32068698549,9.0774492414,3.69930615788,2.04623196187,0.0,-0.888536888179,-8.0815910291,-0.524996457382,-28.835983658,28.8464985014,0.0
1.560000000000001,-1.18651345704,-5.80050572944,9.05429678024,1.96894971139,3.777009385,0.0,-1.52771109512,-8.169458176,-0.103327922014,-28.8448175874,28.845974159,0.0
1.620000000000001,-1.24529911781,-6.31067727312,9.03790596653,0.238403855122,5.50774483792,0.0,-0.310689906762,-8.5621086459,-0.477195084857,-28.8390710837,28.8450053114,0.0
1.680000000000001,-1.24591348506,-6.83070559535,9.02424082982,4.79143678994,0.955139122755,0.0,-0.046949355067,-9.03158514931,-0.0451131065588,-28.8314699349,28.8397518437,0.0
1.740000000000001,-1.28692892135,-7.3829694967,9.00690498495,3.06175047046,2.68557169456,0.0,-1.33450837641,-9.11568930974,-0.40439720674,-28.8234938008,28.8417089228,0.0
1.8000000000000012,-1.37287866642,-7.94071906648,8.99935842855,1.33224678301,4.41612822311,0.0,-1.18285656947,-9.68698771067,-0.0628352234865,-28.827550056,28.8439310412,0.0
1.8600000000000012,-1.40324719549,-8.52411193062,8.98423603332,5.88580176796,6.14681698924,0.0,0.0648360081869,-9.6749457502,-0.181124757062,-28.8266077613,28.8461089873,0.0
1.9200000000000013,-1.40592646446,-9.12742798812,8.98298083507,4.15617839185,1.59455022022,0.0,-0.469046484671,-10.4332331612,-0.13768458607,-28.8277430363,28.852193838,0.0
1.9800000000000013,-1.47205876014,-9.74658949694,8.96939855683,2.42644868338,3.32570081775,0.0,-1.53481568429,-10.2475052883,-0.0242793927222,-28.8305245491,28.8529825976,0.0
2.0400000000000014,-1.54514563118,-10.3842246306,8.97024750404,0.696591182199,5.05676776382,0.0,-0.636035172565,-10.8708148106,-0.190603947231,-28.8316222731,28.8481234014,0.0
2.1000000000000014,-1.55197250504,-11.0344521464,8.96469314618,5.24979848752,0.504443473845,0.0,0.134984648089,-11.0264215167,0.166070220564,-28.8350851262,28.8470105466,0.0
2.1600000000000015,-1.57205200776,-11.7164531761,8.965799145,3.51982603277,2.23532754439,0.0,-0.984242016016,-11.4421102065,-0.224020189578,-28.8297461221,28.8496140672,0.0
2.2200000000000015,-1.65344945801,-12.3988279665,8.9648301951,1.79010605393,3.96633825316,0.0,-1.40408822328,-11.5914579899,0.228931750615,-28.827087892,28.8510160625,0.0
2.2800000000000016,-1.70112175412,-13.1075384346,8.965823234,0.0603890200933,5.69733424022,0.0,-0.133150495268,-11.7955355581,-0.11064442869,-28.8310418344,28.8482414613,0.0
2.3400000000000016,-1.697864545,-13.8281186837,8.97448055946,4.61375054723,1.14499538667,0.0,-0.0923164797064,-12.4001825914,0.221790866894,-28.8294405439,28.846201585,0.0
2.4000000000000017,-1.74335605898,-14.5742087659,8.97381835339,2.88381148261,2.87563971308,0.0,-1.36660899362,-12.2695873949,-0.0405824135538,-28.8370941125,28.8406280356,0.0
2.4600000000000017,-1.8237914604,-15.3237442507,8.98578518686,1.15345805394,4.60601537298,0.0,-0.981794139862,-12.835538966,0.158658685268,-28.8426684454,28.8379819782,0.0
2.520000000000002,-1.84325049471,-16.0919813099,8.98927595462,5.70609623395,0.0531605583772,0.0,0.168271239706,-12.8236524865,0.228519793063,-28.8421276683,28.8401060903,0.0
2.580000000000002,-1.84646266687,-16.884942533,9.0054407674,3.97550024732,1.78351911529,0.0,-0.565430023282,-13.4882217844,0.0724082570169,-28.8450486571,28.838075832,0.0
2.640000000000002,-1.91470897101,-17.6835622324,9.00968090802,2.24488814518,3.51385279927,0.0,-1.46297438537,-13.2723089241,0.327401027908,-28.8413506421,28.8401009133,0.0
2.700000000000002,-1.97784202062,-18.499334014,9.02535004779,0.514458495816,5.24436389736,0.0,-0.420220400219,-13.7189213999,0.0506496223102,-28.8392340456,28.8443610624,0.0
2.760000000000002,-1.97698392382,-19.3252902016,9.03920836717,5.06729406872,0.692015092365,0.0,0.149035399935,-14.0518492713,0.445056235016,-28.8390540583,28.851317505,0.0
2.820000000000002,-2.00035047124,-20.1818028033,9.05294168741,3.33691830016,2.42315571212,0.0,-1.0485356786,-14.2205265393,0.0140897378115,-28.840428533,28.8538456592,0.0
2.880000000000002,-2.07925941861,-21.0327639638,9.06896611964,1.60657940968,4.15443447994,0.0,-1.25049261613,-14.4266645268,0.437728664414,-28.8368890927,28.8558256152,0.0
2.940000000000002,-2.11504146506,-21.9048523566,9.08259089906,6.15953322722,5.88562445345,0.0,0.0364325055295,-14.4947250764,0.199751117011,-28.8376523791,28.8487861737,0.0
3.000000000000002,-2.10862738545,-22.7930600001,9.10705836257,4.42932045574,1.33326649431,0.0,-0.143761000401,-15.1725670878,0.371614355275,-28.8357395833,28.844473606,0.0
3.0600000000000023,-2.15748809935,-23.697750529,9.11788651522,2.69924634708,3.06385412051,0.0,-1.35980969763,-14.8686249087,0.246828216484,-28.8328612895,28.8410054894,0.0
3.1200000000000023,-2.23038730677,-24.6047504885,9.14229551864,0.969360761039,4.7941267327,0.0,-0.755992989153,-15.3775874158,0.275694077104,-28.8293507191,28.8326366359,0.0
3.1800000000000024,-2.23927985783,-25.5248746572,9.15924822956,5.52271557144,0.240743442166,0.0,0.246834582606,-15.46064753,0.512453657091,-28.832321245,28.8257537333,0.0
3.2400000000000024,-2.24353830623,-26.473228398,9.18499469189,3.79258433281,1.97033582812,0.0,-0.652595252024,-15.948094892,0.187122767026,-28.8408932292,28.8276988169,0.0
3.3000000000000025,-2.3122049482,-27.4176349658,9.20103061703,2.06204556059,3.69985051635,0.0,-1.35727739934,-15.7488986176,0.536728468849,-28.8445551126,28.8212305637,0.0
3.3600000000000025,-2.36430366448,-28.3770962298,9.22434757831,0.331517864685,5.429128254,0.0,-0.215205577043,-16.0178897733,0.216108292878,-28.8387156503,28.8213936863,0.0
3.4200000000000026,-2.35674663288,-29.3471815014,9.25063386541,4.88444875651,0.875409331836,0.0,0.156974655873,-16.5087302855,0.565714362553,-28.8358799627,28.8286239693,0.0
3.4800000000000026,-2.38317069945,-30.3435121382,9.269846557,3.15435106499,2.60506237553,0.0,-1.08632006575,-16.440670246,0.154568128194,-28.8336126691,28.8258743503,0.0
3.5400000000000027,-2.45783010059,-31.3303466132,9.29522800194,1.42424365176,4.33440384465,0.0,-1.07645867332,-16.6932735717,0.498009030612,-28.8374910469,28.8163532972,0.0
3.6000000000000028,-2.48188135683,-32.3331330952,9.31513637986,5.97717221509,6.06326017501,0.0,0.187262404347,-16.7034343875,0.406793412118,-28.8377963082,28.8109107329,0.0
3.660000000000003,-2.47308656349,-33.3571042332,9.34648530434,4.24710629379,1.50890789111,0.0,-0.202198920158,-17.3740289029,0.387403217279,-28.8298421512,28.8180222544,0.0
3.720000000000003,-2.52399077612,-34.387879775,9.36190606646,2.51729887848,3.23813596743,0.0,-1.31639418519,-16.9654884361,0.412518616751,-28.830552275,28.8239060163,0.0
3.780000000000003,-2.58832882924,-35.4206123211,9.39004821024,0.78741884989,4.96769893511,0.0,-0.533171268933,-17.3763248879,0.28497659335,-28.8325506475,28.8290947901,0.0
3.840000000000003,-2.58773422115,-36.4635613971,9.41323132909,5.34061238874,0.414510897139,0.0,0.304660968205,-17.6168951859,0.616576644175,-28.8341906252,28.8389088735,0.0
3.900000000000003,-2.59308356604,-37.536096355,9.43947061447,3.61050488513,2.14491137738,0.0,-0.712796166104,-17.8911853794,0.183815077139,-28.8369654885,28.8419756351,0.0
3.960000000000003,-2.66041585862,-38.5971118753,9.45941397627,1.88025526374,3.87548221629,0.0,-1.23342660028,-17.7391267263,0.572162381003,-28.8383044261,28.8441291709,0.0
4.020000000000002,-2.70107669733,-39.6708446703,9.48224485388,0.149972775123,5.60622902769,0.0,-0.0251856799826,-17.8717652084,0.274413050317,-28.8377158932,28.8482189021,0.0
4.080000000000001,-2.68780428001,-40.7581615585,9.51197124411,4.70285933801,1.05388781195,0.0,0.159054578701,-18.4741935164,0.523136537913,-28.8386807362,28.8455706993,0.0
4.14,-2.71700287191,-41.8650548924,9.52881801038,2.97268775475,2.78479009738,0.0,-1.10431695192,-18.1979280664,0.185913758181,-28.8327006167,28.8522688712,0.0
4.199999999999998,-2.78597368283,-42.9605028591,9.5549646295,1.24283771636,4.51585444612,0.0,-0.875920831503,-18.4822957507,0.412013958204,-28.8281533622,28.8491839137,0.0
4.259999999999997,-2.79838260498,-44.067391366,9.57449678036,5.7964228302,6.24675304202,0.0,0.316906938433,-18.510245282,0.492630668233,-28.8245267571,28.8469538111,0.0
4.319999999999996,-2.78839658441,-45.1998697798,9.6040095228,4.067030688,1.69427112937,0.0,-0.285074955017,-19.0875918524,0.284649226037,-28.8213438752,28.8420682489,0.0
4.379999999999995,-2.84091530601,-46.3291546033,9.61790705054,2.33767505593,3.42476306548,0.0,-1.24339953798,-18.6360686966,0.459837731784,-28.8245576575,28.8407094263,0.0
4.439999999999993,-2.89524398633,-47.4601766365,9.64269222074,0.608203440118,5.15520939499,0.0,-0.303197267075,-18.912186848,0.222018932296,-28.8247684688,28.8411491395,0.0
4.499999999999992,-2.8857932431,-48.6000965668,9.66642958865,5.16196439935,0.602420394773,0.0,0.343590498691,-19.3126737946,0.577282561579,-28.8222321717,28.8380391929,0.0
4.559999999999991,-2.89351516005,-49.76794386,9.68705452104,3.43282146212,2.33281128565,0.0,-0.770504047529,-19.3576976422,0.107581568847,-28.8152449152,28.8430162702,0.0
4.6199999999999894,-2.95862411176,-50.9182805521,9.70609770298,1.70383594529,4.06351327961,0.0,-1.09365185982,-19.2658323464,0.499423487378,-28.8177903986,28.8474469672,0.0
4.679999999999988,-2.98709721254,-52.0783631328,9.72440567404,6.2579038818,5.79452881639,0.0,0.158424835074,-19.2960461082,0.284402964395,-28.8199132143,28.8541707648,0.0
4.739999999999987,-2.96940697432,-53.2557308516,9.75258070159,4.52858332831,1.24261378022,0.0,0.128598638401,-19.9520159835,0.405251274934,-28.824697165,28.8543326789,0.0
4.799999999999986,-3.00193272367,-54.4440619474,9.7642748152,2.79893562083,2.97390647487,0.0,-1.10941745651,-19.4977991994,0.194897562623,-28.8320333157,28.8556882768,0.0
4.859999999999984,-3.06401320719,-55.6203698717,9.78760803237,1.06912842169,4.70539823975,0.0,-0.646082223765,-19.7807078912,0.281199391164,-28.8274481609,28.8617592367,0.0
4.919999999999983,-3.06515394631,-56.8044032505,9.80519648655,5.62259277078,0.153749837056,0.0,0.415239844711,-19.8887652468,0.521737517722,-28.8306209364,28.8542945278,0.0
4.979999999999982,-3.05542477686,-58.0166284787,9.82981617857,3.89273775442,1.88473238311,0.0,-0.380856069306,-20.3008692183,0.165527230024,-28.8316226478,28.8418771585,0.0
5.0399999999999805,-3.10899412104,-59.2165928215,9.84140330977,2.1628203581,3.61529279739,0.0,-1.15043428959,-19.8660546536,0.45682909236,-28.8324661148,28.843847366,0.0
5.099999999999979,-3.15252486946,-60.4182857535,9.86126164015,0.432940811547,5.34596130026,0.0,-0.0894513266699,-20.009291699,0.173116475469,-28.8302731432,28.8460044783,0.0
5.159999999999978,-3.13548304116,-61.6294677675,9.88445191149,4.98630074328,0.793545392038,0.0,0.368140248009,-20.5378584258,0.491310270852,-28.830217479,28.8459493531,0.0
5.219999999999977,-3.14652455954,-62.8643751109,9.89885252069,3.25656310898,2.52445482573,0.0,-0.821462508685,-20.3709438558,0.0419382134585,-28.827596123,28.8524929226,0.0
5.279999999999975,-3.2084348105,-64.0783402111,9.91660514721,1.5271016956,4.25547963169,0.0,-0.935263051153,-20.3568405979,0.400014084779,-28.8192316578,28.8462713687,0.0
5.339999999999974,-3.22475167952,-65.2992412763,9.9310247507,6.08106871273,5.98634243253,0.0,0.324565178139,-20.3341889597,0.312995053045,-28.8219812389,28.849798583,0.0
5.399999999999973,-3.20426522385,-66.5415439877,9.95652431707,4.35173905571,1.43405509752,0.0,0.057984647032,-20.9819650592,0.280823609282,-28.8221142215,28.8455857231,0.0
5.4599999999999715,-3.24016462777,-67.7855510914,9.96406369806,2.6223303285,3.16495165719,0.0,-1.09212674089,-20.4116597382,0.231756995908,-28.8256305911,28.852031185,0.0
5.51999999999997,-3.29435530403,-69.01862509,9.98411403284,0.892785356577,4.89610659614,0.0,-0.407886431084,-20.6540568102,0.169394752101,-28.8260086885,28.8534581483,0.0
5.579999999999969,-3.28534812717,-70.2573781848,10.0006249885,5.44628201326,0.344139261096,0.0,0.47927827539,-20.8973311334,0.515460084416,-28.8315992714,28.8538952212,0.0
5.639999999999968,-3.27729518918,-71.5250892073,10.0198402821,3.71640710568,2.07543309344,0.0,-0.470597944884,-21.1076656329,0.0675554335199,-28.83145273,28.8570613791,0.0
5.699999999999966,-3.33112381768,-72.7734126053,10.0301248767,1.9867074682,3.80701670347,0.0,-1.04687908287,-20.7354548508,0.427779202144,-28.8240156644,28.8634495011,0.0
5.759999999999965,-3.36341872177,-74.023641732,10.045432405,0.257141729405,5.53878630461,0.0,0.103667241061,-20.7730356758,0.155952440976,-28.8301285879,28.8624927339,0.0
5.819999999999964,-3.34039436328,-75.2856980524,10.0681207706,4.81026012243,0.987296391057,0.0,0.369087797129,-21.3878847685,0.398995813681,-28.8410111394,28.8592570987,0.0
5.879999999999963,-3.35561347279,-76.5651911912,10.0773620568,3.07962849405,2.71876047665,0.0,-0.867908835025,-21.0290890817,0.0165446305622,-28.8485853111,28.8553225747,0.0
5.939999999999961,-3.41333885479,-77.8228230418,10.0943941854,1.34877662386,4.449988509,0.0,-0.749015478391,-21.1008713514,0.299158596643,-28.845421762,28.8507701465,0.0
5.99999999999996,-3.41794593169,-79.085067069,10.1068683539,5.9013391207,6.18104575982,0.0,0.46280395613,-21.0834935795,0.371360861994,-28.841262015,28.8512304463,0.0
6.059999999999959,-3.39645773775,-80.3724443256,10.1298110855,4.17070634235,1.62887924595,0.0,-0.0496259348602,-21.6524142342,0.177170905251,-28.8483065817,28.8489648528,0.0
6.1199999999999575,-3.43561146065,-81.6525134682,10.1354735421,2.43976821405,3.35973666966,0.0,-1.05001083652,-21.0454363567,0.29595476,-28.8499894374,28.8455110643,0.0
6.179999999999956,-3.48104087603,-82.9239489229,10.1529786832,0.708771820388,5.09036951872,0.0,-0.179286038181,-21.2112053192,0.109623681558,-28.8502893273,28.8417232216,0.0
6.239999999999955,-3.46322001203,-84.2008963741,10.1701769702,5.26088808525,0.53772179093,0.0,0.516076462819,-21.6097593897,0.485093773653,-28.8524866894,28.8431384559,0.0
6.299999999999954,-3.45823319825,-85.5053848822,10.1847307198,3.5296942642,2.26818042859,0.0,-0.549270175981,-21.6130920687,0.00217785203577,-28.8553451255,28.8384364025,0.0
6.359999999999952,-3.51155977938,-86.7858108548,10.1953988473,1.798406009,3.99845737227,0.0,-0.937646867725,-21.3379241296,0.386859125436,-28.8534089643,28.8365773929,0.0
6.419999999999951,-3.53267835512,-88.068508006,10.207394821,0.0671990470356,5.72856632164,0.0,0.277185153662,-21.3129615417,0.174540479028,-28.853822305,28.8332120617,0.0
6.47999999999995,-3.50535754785,-89.3672645775,10.2294279214,4.61900760683,1.17533988393,0.0,0.339364813308,-21.9737074678,0.302120350239,-28.8592171784,28.8307103081,0.0
6.5399999999999485,-3.52483574744,-90.6758207507,10.234317464,2.88748067301,2.90516904421,0.0,-0.901654517211,-21.4592150647,0.0312888267801,-28.8581343084,28.8301449525,0.0
6.599999999999947,-3.57750582952,-91.9642982291,10.2498171571,1.15626761915,4.63491070944,0.0,-0.546825917326,-21.6051167577,0.179324039232,-28.8473894073,28.82717275,0.0
6.659999999999946,-3.57177036909,-93.2565501922,10.260499748,5.70870420569,0.0813750393426,0.0,0.560180473088,-21.6814565726,0.40449809835,-28.8435398232,28.8279742396,0.0
6.719999999999945,-3.5506812927,-94.5770316162,10.2785240666,3.97805817821,1.81108752379,0.0,-0.15758062068,-22.1033682821,0.0561180686476,-28.845184708,28.8295674271,0.0
6.779999999999943,-3.59207107122,-95.8826329215,10.2813845815,2.24733704297,3.54072771192,0.0,-0.985710801546,-21.5422956515,0.303094199255,-28.8456065183,28.8237150895,0.0
6.839999999999942,-3.62861556866,-97.1826844218,10.2935610198,0.516689823265,5.27010185616,0.0,0.011500345105,-21.6273902559,0.0418128591495,-28.8427751393,28.822457853,0.0
6.899999999999941,-3.60388519342,-98.4905749451,10.3086999582,5.06938187884,0.716206867282,0.0,0.536625049929,-22.1638191633,0.367537221452,-28.8394127507,28.8196305734,0.0
6.95999999999994,-3.60237585267,-99.8226360388,10.3152258484,3.33908452888,2.44534259362,0.0,-0.608320739743,-21.9864245846,-0.107476267412,-28.8374880577,28.8186874933,0.0
7.019999999999938,-3.65413418424,-101.128812707,10.3226943959,1.60882909229,4.17465181367,0.0,-0.82145511801,-21.8246672998,0.258679194299,-28.8367795948,28.8252053209,0.0
7.079999999999937,-3.66490966322,-102.437541297,10.328189752,6.16175800705,5.90432885985,0.0,0.42688626294,-21.7834169551,0.145322470656,-28.8388878973,28.8317779404,0.0
7.139999999999936,-3.63496122449,-103.767267426,10.3444815799,4.43141307274,1.35121806971,0.0,0.277129224012,-22.4439342645,0.131365148467,-28.8386205036,28.8377392905,0.0
7.1999999999999345,-3.65831337175,-105.098842578,10.3416792207,2.70118045188,3.08145442302,0.0,-0.911945910378,-21.8274630129,0.00726239377102,-28.8351690247,28.8365575448,0.0
7.259999999999933,-3.70508120918,-106.413254811,10.3507422243,0.971288981249,4.81155455399,0.0,-0.339491095951,-21.9957560358,0.00315125109802,-28.8266694804,28.8326161639,0.0
7.319999999999932,-3.69033370278,-107.731413769,10.3561343331,5.52505907175,0.258142857116,0.0,0.619036387213,-22.2141736351,0.333480366699,-28.8193293123,28.8244544236,0.0
7.379999999999931,-3.67098095318,-109.079090391,10.364519414,3.79609539552,1.98746558308,0.0,-0.256643714745,-22.4526263446,-0.116798056961,-28.8123097119,28.8189365506,0.0
7.439999999999929,-3.71380085324,-110.40576317,10.3613145914,2.06731825882,3.71667705454,0.0,-0.910732461175,-21.9697998716,0.209682397135,-28.8139423825,28.822015965,0.0
7.499999999999928,-3.74116102867,-111.729200291,10.3643826618,0.338528637526,5.44581617786,0.0,0.178882743787,-21.98256635,-0.0625115451357,-28.8129409661,28.8149128418,0.0
7.559999999999927,-3.71104026419,-113.063518047,10.3736778606,4.89279733989,0.891499210797,0.0,0.540085974016,-22.6058125865,0.185602454072,-28.8180953482,28.812823983,0.0
7.6199999999999255,-3.71378233268,-114.41686094,10.3695834797,3.16354995395,2.62039535549,0.0,-0.665923638496,-22.2668568901,-0.241638249993,-28.8257195708,28.8183535742,0.0
7.679999999999924,-3.76318014915,-115.744108118,10.3708862451,1.43408270888,4.34958652122,0.0,-0.68413429488,-22.2134049049,0.0748293284287,-28.8216693931,28.8210389138,0.0
7.739999999999923,-3.76403771935,-117.073457639,10.3683702312,5.98794479552,6.07901038939,0.0,0.552994526543,-22.1825715871,0.0909672578579,-28.8226409496,28.8274898028,0.0
7.799999999999922,-3.73313769304,-118.42774077,10.3761239257,4.25870029699,1.52539318635,0.0,0.178166310229,-22.7891835454,-0.068092847813,-28.8178669649,28.8237925418,0.0
7.85999999999992,-3.7603366249,-119.776020313,10.3648801534,2.52970857878,3.25484677099,0.0,-0.900174622727,-22.1271872458,-0.0339641284798,-28.814586819,28.8248729826,0.0
7.919999999999919,-3.80056863284,-121.110211137,10.3656230566,0.800845227884,4.98437512202,0.0,-0.140308319156,-22.2645280326,-0.166259035324,-28.8144022119,28.8266416992,0.0
7.979999999999918,-3.77805412341,-122.448604885,10.3649966269,5.35512593201,0.43073267777,0.0,0.65150941295,-22.629329676,0.207606421108,-28.8161170638,28.8242726921,0.0
8.039999999999917,-3.7616086556,-123.815910094,10.3628449151,3.62615442463,2.16022965343,0.0,-0.344565775623,-22.685354532,-0.284664136811,-28.8173768092,28.8269538926,0.0
8.099999999999916,-3.80524271484,-125.15782068,10.3536471023,1.89711533476,3.8897951477,0.0,-0.833574828301,-22.2935380627,0.0830780967142,-28.8167918021,28.8242973129,0.0
8.159999999999915,-3.82334635527,-126.498073208,10.3476667248,0.168084204427,5.61919590204,0.0,0.329746107254,-22.256312186,-0.153089545531,-28.8185492509,28.8226098891,0.0
8.219999999999914,-3.78926205042,-127.852866908,10.350628475,4.72203291864,1.06533559083,0.0,0.518327261904,-22.9267149479,0.00458706146556,-28.8227041065,28.8200335295,0.0
8.279999999999912,-3.7967253828,-129.22025603,10.3367724759,2.9925193904,2.7946656231,0.0,-0.718991106836,-22.4420256427,-0.338211999678,-28.8293595233,28.825193021,0.0
8.339999999999911,-3.84289528556,-130.562923683,10.3319661113,1.26268804628,4.52429933493,0.0,-0.520370799719,-22.485724721,-0.110290444292,-28.8317132307,28.8295208757,0.0
8.39999999999991,-3.83433159368,-131.907300889,10.3227819543,5.81569501588,6.25408620636,0.0,0.652153045836,-22.5102260508,0.0492225660951,-28.8444325235,28.8301711473,0.0
8.459999999999908,-3.80388660807,-133.27965152,10.3220795428,4.08486888172,1.70078174127,0.0,0.0580073185821,-23.0072228792,-0.24773082568,-28.8516579196,28.8331449889,0.0
8.519999999999907,-3.83470349447,-134.638742147,10.3042051101,2.35376647586,3.43093467737,0.0,-0.868980991986,-22.3638984689,-0.0663915948631,-28.8517806134,28.8396985991,0.0
8.579999999999906,-3.86774961491,-135.987245025,10.2971917248,0.622816446956,5.16143519872,0.0,0.0437159151469,-22.4417070163,-0.290154082639,-28.8462563486,28.8452272704,0.0
