time,x,y,z,phi,theta,psi,x_velocity,y_velocity,z_velocity,phi_velocity,theta_velocity,psi_velocity
0.06,-0.012247335126,0.00870251182942,10.0184337623,0.454398577699,0.892604595516,0.0,-0.685293244159,0.420108806614,0.39780878699,-10.8192789078,10.8181210469,0.0
0.12000000000000001,-0.0665946005586,0.0277191651452,10.0488306629,5.41401090361,1.22491662907,0.0,-0.592924042645,0.0647718332129,0.58361005398,-19.2826949027,19.2778750225,0.0
0.18,-0.113935965837,0.0195852223873,10.0624231889,2.26779354995,0.622514806446,0.0,-0.460841432309,-0.0207072027954,-0.260862407512,-24.3537588196,24.3485489959,0.0
0.23999999999999996,-0.173108450844,0.0291715469435,10.019735972,1.85496378827,3.24926599664,0.0,-1.51025435662,-0.0791771954198,-0.841899329143,-26.8779001111,26.8720970493,0.0
0.3,-0.246172555587,-0.00998659018373,9.95642330531,0.440566501922,5.1126805754,0.0,-0.642462525107,-0.966694576844,-1.39449588299,-28.0115988553,28.0037524218,0.0
0.36000000000000004,-0.254249434225,-0.0680986065752,9.8796049207,5.0719763227,0.562582804955,0.0,0.0792512768872,-1.2213092769,-1.02279273755,-28.4905393429,28.4885839094,0.0
0.4200000000000001,-0.280536317249,-0.166130984917,9.80700953993,3.36475199034,2.28429849233,0.0,-1.10361431471,-1.75612505306,-1.46042090693,-28.6892076092,28.6947194356,0.0
0.48000000000000015,-0.367716559407,-0.276379688894,9.73334782305,1.64263372435,4.00909799354,0.0,-1.46351565737,-2.21371852141,-1.01489190375,-28.7727883119,28.7762033361,0.0
0.5400000000000001,-0.418009499836,-0.425333427068,9.65697832907,6.19885736093,5.73691446236,0.0,-0.171242075227,-2.47763452071,-1.42142202223,-28.8055984096,28.8163703189,0.0
0.6000000000000002,-0.418873980192,-0.588675010232,9.58745341729,4.470334566,1.18324717151,0.0,-0.209997756495,-3.19201317422,-1.08591196879,-28.8139295061,28.8359565763,0.0
0.6600000000000003,-0.471811199047,-0.786268885424,9.50790992836,2.74139267151,2.91357927213,0.0,-1.48703983356,-3.23607576372,-1.31481529584,-28.8185251651,28.8429083472,0.0
0.7200000000000003,-0.557533969453,-1.00353013016,9.44109769035,1.0123261107,4.64430126201,0.0,-1.03616471625,-4.07716526509,-1.20121868851,-28.8166700296,28.8488200052,0.0
0.7800000000000004,-0.580520884921,-1.24703739378,9.36148826383,5.56647077114,0.0920576362533,0.0,0.0971803815552,-4.07048415534,-1.16047442462,-28.8183837665,28.8493400725,0.0
0.8400000000000004,-0.590480955959,-1.51950271128,9.29471893333,3.83732396632,1.82284789835,0.0,-0.707077958293,-4.89020178183,-1.33296631071,-28.8202407318,28.841804524,0.0
0.9000000000000005,-0.666959013659,-1.80908393059,9.21694234606,2.10818961717,3.55323917315,0.0,-1.58207708846,-4.95415721479,-1.0344920549,-28.8169688129,28.8367198497,0.0
0.9600000000000005,-0.734947284508,-2.1325836624,9.14842265241,0.379277335689,5.28343745854,0.0,-0.490504084235,-5.57602267667,-1.39684938409,-28.8126763285,28.8365143303,0.0
1.0200000000000005,-0.738930243288,-2.46912914231,9.07562078375,4.93376194382,0.730511954244,0.0,0.0397184471055,-5.92560366285,-0.974753305011,-28.8102156812,28.8393394504,0.0
1.0800000000000005,-0.77119131275,-2.84364964405,9.00323169611,3.20499649169,2.46090704476,0.0,-1.20896482658,-6.26483167732,-1.40514389698,-28.8169287292,28.8407767222,0.0
1.1400000000000006,-0.858235186787,-3.22778602398,8.93491326283,1.47587852703,4.19134149817,0.0,-1.3423653374,-6.81134426112,-0.991101336016,-28.8213502667,28.8402665674,0.0
1.2000000000000006,-0.899028785603,-3.64586047593,8.86046241025,6.02983920335,5.92170735149,0.0,-0.0451267251834,-6.92697926371,-1.29160350558,-28.8190310133,28.8381356642,0.0
1.2600000000000007,-0.899522470784,-4.08177713292,8.79650017385,4.30075496536,1.36872449258,0.0,-0.310787748961,-7.72137758584,-1.09720250482,-28.8166616762,28.8344509507,0.0
1.3200000000000007,-0.958304918586,-4.54459690942,8.71991096906,2.57164824705,3.09862713524,0.0,-1.5171891241,-7.64222499176,-1.17049827424,-28.8212973665,28.8271836022,0.0
1.3800000000000008,-1.03857598037,-5.02751888461,8.65744969006,0.842301235733,4.82824123616,0.0,-0.849980370969,-8.42021040763,-1.20589947021,-28.8242556128,28.8264722386,0.0
1.4400000000000008,-1.0531723334,-5.53022610806,8.58385762695,5.39606527109,0.274763524174,0.0,0.140653801228,-8.48487968425,-0.998822722126,-28.8228451773,28.8312901961,0.0
1.5000000000000009,-1.06645081459,-6.06562933725,8.52009338606,3.6668569556,2.00464091059,0.0,-0.822662765369,-9.14914044089,-1.3158435914,-28.8163612479,28.8312891355,0.0
1.560000000000001,-1.14511593515,-6.61017443034,8.44861051519,1.93801590445,3.73462330895,0.0,-1.50482817548,-9.25600972106,-0.919847495754,-28.8107131423,28.8355497887,0.0
1.620000000000001,-1.20373582241,-7.18622798477,8.38264386441,0.209413810188,5.46487812097,0.0,-0.312189461114,-9.67669640437,-1.31216955943,-28.8090314071,28.8404675417,0.0
1.680000000000001,-1.20302143649,-7.77487467197,8.31773258093,4.76401054965,0.912077593958,0.0,0.00478845589089,-10.196727503,-0.920390750239,-28.8110135445,28.8386326065,0.0
1.740000000000001,-1.24018162384,-8.39771754794,8.24725596033,3.03523576743,2.64241871514,0.0,-1.2735642525,-10.3035315857,-1.30357983161,-28.815962375,28.8395947823,0.0
1.8000000000000012,-1.32423698791,-9.02678983741,8.18524290975,1.30624986392,4.37285359915,0.0,-1.18240895503,-10.8790295251,-0.976962015824,-28.817150961,28.8420273868,0.0
1.8600000000000012,-1.35456799664,-9.68272621743,8.1147318154,5.86027030831,6.10334288656,0.0,0.0776724777655,-10.9099452554,-1.11813133403,-28.8230928539,28.8406601552,0.0
1.9200000000000013,-1.35463912985,-10.3614371653,8.05607192371,4.13067169516,1.55054221071,0.0,-0.397951621456,-11.7008892782,-1.10934753098,-28.8326835072,28.8383200127,0.0
1.9800000000000013,-1.41701631096,-11.0571531629,7.98353337654,2.40062962769,3.28087521997,0.0,-1.49320549926,-11.5245362456,-1.01899625828,-28.8361635993,28.8397198035,0.0
2.0400000000000014,-1.48935851485,-11.7715264144,7.92445905518,0.670483986264,5.01141171282,0.0,-0.640361398308,-12.1570118999,-1.19596367711,-28.8351597682,28.8458549927,0.0
2.1000000000000014,-1.4955328518,-12.5006072732,7.85783331502,5.22355811343,0.459296774939,0.0,0.172020125687,-12.3738693662,-0.871121608363,-28.8352264778,28.8580960915,0.0
2.1600000000000015,-1.51181837953,-13.2638439316,7.79567953746,3.49351098188,2.19083069808,0.0,-0.912352477818,-12.803893188,-1.2863944291,-28.8325012006,28.8600812522,0.0
2.2200000000000015,-1.59018136912,-14.0278821255,7.73019880311,1.76356664844,3.92241444198,0.0,-1.38297857924,-12.9484195308,-0.850979573314,-28.8322615636,28.8591915972,0.0
2.2800000000000016,-1.63763217426,-14.8183469605,7.66602745912,0.0336501968582,5.65399054389,0.0,-0.129792287304,-13.1741329901,-1.20176746351,-28.8314613309,28.8602130608,0.0
2.3400000000000016,-1.6325300257,-15.6236670194,7.60788424762,4.58703029061,1.10249795818,0.0,-0.0294204939196,-13.8287651527,-0.916721968961,-28.8280950541,28.8634778536,0.0
2.4000000000000017,-1.67386534925,-16.4556739807,7.5385590005,2.85721326969,2.83426988632,0.0,-1.30466355893,-13.7033033501,-1.19720838864,-28.8338310952,28.8619232771,0.0
2.4600000000000017,-1.75237586905,-17.2907435171,7.48104945228,1.12710535923,4.5658323891,0.0,-0.979658407628,-14.256068016,-1.00395037863,-28.8371784728,28.8551946117,0.0
2.520000000000002,-1.77137194411,-18.1451139865,7.41452877192,5.68004523237,0.0138586421333,0.0,0.191162606951,-14.2920850619,-0.950300170505,-28.8377972892,28.8508690906,0.0
2.580000000000002,-1.77156113949,-19.0271686616,7.35849402246,3.94974726392,1.7448364955,0.0,-0.4935498933,-14.974146609,-1.14395677947,-28.8390696404,28.8476869406,0.0
2.640000000000002,-1.8360693514,-19.9148032379,7.2893945043,2.21949628191,3.47570096714,0.0,-1.42071261065,-14.7475067016,-0.89824064192,-28.8352771755,28.8478229643,0.0
2.700000000000002,-1.89817711305,-20.8185696214,7.23130991579,0.489496726331,5.20667068479,0.0,-0.412897221367,-15.1819780214,-1.18014589411,-28.8305447952,28.8518975649,0.0
2.760000000000002,-1.89612358327,-21.7343928774,7.17060750302,5.0428643676,0.654708838154,0.0,0.191031484176,-15.5847492656,-0.821616886911,-28.8299192709,28.8563367689,0.0
2.820000000000002,-1.91562796567,-22.6824296611,7.10754614412,3.31311577616,2.3860694017,0.0,-0.978648097461,-15.7428849619,-1.26834344354,-28.8279985079,28.8555101548,0.0
2.880000000000002,-1.99156511811,-23.6239803753,7.04621467189,1.58322922354,4.11731005429,0.0,-1.22862275571,-15.9215853131,-0.851570096248,-28.8372778442,28.8516369413,0.0
2.940000000000002,-2.02666846911,-24.5857167803,6.98235360291,6.13603198923,5.84832561934,0.0,0.0490758545585,-16.005589175,-1.09400196337,-28.8436821358,28.8480868878,0.0
3.000000000000002,-2.01789472465,-25.5665920984,6.92777595615,4.40527197384,1.29592823781,0.0,-0.0734657365163,-16.7237669365,-0.970941780245,-28.8497408803,28.8438550152,0.0
3.0600000000000023,-2.06257577897,-26.5640309334,6.85804412474,2.6743672338,3.02648103892,0.0,-1.30028394233,-16.4052349994,-1.10451414578,-28.8464848049,28.8404877755,0.0
3.1200000000000023,-2.13355123947,-27.5623386982,6.80167877126,0.943594993051,4.75687753578,0.0,-0.748740955505,-16.8876839786,-1.07335302407,-28.8457894364,28.8391086754,0.0
3.1800000000000024,-2.14149423839,-28.5741499852,6.73765421642,5.49588459302,0.2039502708,0.0,0.28022212446,-17.0300070955,-0.849570501874,-28.8523075577,28.8353005945,0.0
3.2400000000000024,-2.14221335719,-29.6169829747,6.68002310733,3.76472883478,1.93403684687,0.0,-0.578907800485,-17.5151597123,-1.20979725307,-28.8530409474,28.8339773016,0.0
3.3000000000000025,-2.20704353978,-30.6549083422,6.61201174377,2.03357979907,3.66396434538,0.0,-1.31314169174,-17.2943384732,-0.861485665747,-28.851657154,28.8291566847,0.0
3.3600000000000025,-2.25794137624,-31.7062033597,6.55119645705,0.302474005957,5.39350143527,0.0,-0.201231176274,-17.5435766949,-1.1823536746,-28.8521174882,28.8198150257,0.0
3.4200000000000026,-2.24865127268,-32.77048474,6.49248378308,4.85458861638,0.839496200315,0.0,0.209313827679,-18.1092582516,-0.884046770713,-28.8496163351,28.8192517408,0.0
3.4800000000000026,-2.27085970033,-33.8620176266,6.42432753422,3.12360280439,2.56890239148,0.0,-1.01387732058,-18.0201552342,-1.30296103897,-28.8500289302,28.8290891971,0.0
3.5400000000000027,-2.34262788275,-34.9426000888,6.36220825313,1.39261669673,4.29866855916,0.0,-1.05924293146,-18.2365048324,-0.961848511753,-28.8490559981,28.8296267038,0.0
3.6000000000000028,-2.36582925131,-36.0380743667,6.29458037806,5.94492287405,6.02856185597,0.0,0.207168860852,-18.2765729882,-1.05532071911,-28.8464205706,28.8343051443,0.0
3.660000000000003,-2.35427583119,-37.1583153935,6.23635576329,4.21417796186,1.47548477482,0.0,-0.127314095399,-18.9753888953,-1.13072857729,-28.8447975268,28.8363983181,0.0
3.720000000000003,-2.40098622592,-38.284526289,6.16096872154,2.48357950776,3.20566227983,0.0,-1.25906788949,-18.5424378367,-1.10174192479,-28.8411558462,28.8361303146,0.0
3.780000000000003,-2.46334023411,-39.4107995216,6.09833635082,0.753084687254,4.93585500493,0.0,-0.517687216972,-18.9172964627,-1.23069095716,-28.8422698305,28.8371976658,0.0
3.840000000000003,-2.46144597615,-40.5480097461,6.03059088733,5.30597289145,0.382899011197,0.0,0.341538209752,-19.2390529355,-0.918863332845,-28.832914023,28.8370910584,0.0
3.900000000000003,-2.46310232042,-41.7171928183,5.96298700199,3.57623159406,2.11303320861,0.0,-0.641228587233,-19.486115505,-1.38042380201,-28.8243022544,28.8337516549,0.0
3.960000000000003,-2.52667150802,-42.8731637857,5.88892688717,1.84686453654,3.84307865377,0.0,-1.18949323729,-19.3047662068,-0.99087673938,-28.8205934326,28.8345974909,0.0
4.020000000000002,-2.56602946893,-44.0397253799,5.8178243268,0.117498104223,5.57317003665,0.0,-0.00875996203865,-19.4188301138,-1.28356082699,-28.8267001211,28.8356047327,0.0
4.080000000000001,-2.55068471876,-45.2227915124,5.75253229011,4.67094368498,1.02025939023,0.0,0.219953519068,-20.089408092,-1.09890130772,-28.831899621,28.8404029851,0.0
4.14,-2.57551754057,-46.4255683947,5.6721773448,2.94107079724,2.75081350419,0.0,-1.03088657544,-19.784334621,-1.43552288904,-28.8302019782,28.8456362118,0.0
4.199999999999998,-2.64162839531,-47.6148911596,5.60144971702,1.21124543989,4.48182937498,0.0,-0.86011156382,-20.0235959975,-1.20255270018,-28.8304142407,28.8560845754,0.0
4.259999999999997,-2.65292258292,-48.8145469491,5.52434657066,5.7646216411,6.21312290258,0.0,0.344778973424,-20.0937002143,-1.12452276061,-28.8297586012,28.8530228972,0.0
4.319999999999996,-2.63976064369,-50.0433607577,5.45483070745,4.03483886149,1.66105524784,0.0,-0.207818830489,-20.6826795405,-1.3840278309,-28.8297431683,28.850375437,0.0
4.379999999999995,-2.68803358791,-51.2675320937,5.36902839288,2.30501566396,3.39211319615,0.0,-1.18763526235,-20.2002305448,-1.19606317656,-28.8313779442,28.8518412172,0.0
4.439999999999993,-2.74048204307,-52.4910559294,5.29454512732,0.575140948464,5.12322502758,0.0,-0.283473496493,-20.4341669715,-1.42973152119,-28.8314925189,28.8523375042,0.0
4.499999999999992,-2.72942835812,-53.7247059197,5.21888222216,5.12833421341,0.571210349989,0.0,0.38650444843,-20.9257084914,-1.10614534024,-28.8359248216,28.853596497,0.0
4.559999999999991,-2.73316769338,-54.9881172682,5.13733878315,3.39822882891,2.30235472233,0.0,-0.697885417747,-20.9332312342,-1.58821293437,-28.8347293118,28.8514144616,0.0
4.6199999999999894,-2.79465121845,-56.2319957901,5.05462411329,1.66814731787,4.03345227998,0.0,-1.05460993886,-20.8033505019,-1.19135615253,-28.8339922281,28.8512864617,0.0
4.679999999999988,-2.82174144503,-57.4833961261,4.9715933141,6.22122299124,5.76450550655,0.0,0.177982124251,-20.8284602355,-1.39666369671,-28.8371203187,28.8504012713,0.0
4.739999999999987,-2.80163432666,-58.7555784455,4.89697290118,4.49105424956,1.212215779,0.0,0.197705851464,-21.5391111528,-1.3467499093,-28.8337895962,28.8437454837,0.0
4.799999999999986,-2.82982192268,-60.0380768967,4.80409048986,2.76082411196,2.94278944209,0.0,-1.04033839733,-21.0526759845,-1.54726226337,-28.8428808069,28.8415746602,0.0
4.859999999999984,-2.88924701307,-61.3064344939,4.72346059034,1.03022059575,4.67341999646,0.0,-0.630253672886,-21.2911151497,-1.45308805517,-28.8442655425,28.8471050207,0.0
4.919999999999983,-2.88904087883,-62.5819896362,4.63739487258,5.58275428539,0.121255781824,0.0,0.450759742943,-21.4650469581,-1.2171682914,-28.8440852875,28.8548144795,0.0
4.979999999999982,-2.87575028143,-63.8892899255,4.5554339018,3.85218639399,1.85277220332,0.0,-0.305144572319,-21.8691842217,-1.62085276765,-28.8412821311,28.8640548537,0.0
5.0399999999999805,-2.92514840511,-65.1825845324,4.46032500616,2.12165505116,3.58468293353,0.0,-1.09614884958,-21.4074434215,-1.31064288624,-28.8435978481,28.8668190723,0.0
5.099999999999979,-2.96687459545,-66.4752714331,4.37400209861,0.390962054964,5.31660362428,0.0,-0.0660961154765,-21.5098495213,-1.5874038542,-28.8477906787,28.8638647675,0.0
5.159999999999978,-2.94795791439,-67.7797262058,4.29061087523,4.94335014937,0.764984910917,0.0,0.416304998312,-22.1361498749,-1.32531183568,-28.8443802626,28.8510268837,0.0
5.219999999999977,-2.95485866125,-69.1089474922,4.19551288796,3.212882929,2.49582586554,0.0,-0.746394287132,-21.9261028545,-1.77335017856,-28.8373643877,28.8418952036,0.0
5.279999999999975,-3.0132737428,-70.4152061811,4.1045659687,1.48273007644,4.22614933415,0.0,-0.903283164887,-21.8712953917,-1.41038490364,-28.8327924848,28.8322836086,0.0
5.339999999999974,-3.02816630934,-71.7265168475,4.01070981457,6.03602108287,5.95627350329,0.0,0.348297278601,-21.8684479497,-1.48772577296,-28.8297945724,28.8397062915,0.0
5.399999999999973,-3.00484983888,-73.0634071238,3.92578199246,4.30634812855,1.40336745481,0.0,0.135663122754,-22.5539693665,-1.59493253059,-28.8245475588,28.8345616849,0.0
5.4599999999999715,-3.03625033214,-74.4007614553,3.82158637298,2.57691682039,3.13347708772,0.0,-1.02538785067,-21.9527964389,-1.6256287311,-28.8228312349,28.8360484795,0.0
5.51999999999997,-3.08794324103,-75.7250698175,3.73055874633,0.847471437747,4.86349311042,0.0,-0.389713174293,-22.1506354646,-1.68307399431,-28.8261891252,28.8296821924,0.0
5.579999999999969,-3.07746580056,-77.055413682,3.63619765621,5.40107213567,0.31001674969,0.0,0.518623326601,-22.4847853425,-1.35361986444,-28.8267462079,28.8266007799,0.0
5.639999999999968,-3.06544507753,-78.4178615297,3.54107150034,3.67160882051,2.03964978335,0.0,-0.392169525045,-22.6673883596,-1.83856578158,-28.8219602478,28.8290314282,0.0
5.699999999999966,-3.11502992728,-79.7590639187,3.43724420037,1.94238862871,3.76942021663,0.0,-0.995135892442,-22.2681814474,-1.4646744642,-28.8179981046,28.8302143095,0.0
5.759999999999965,-3.14595729191,-81.0998485326,3.33891729984,0.213346070096,5.49930859011,0.0,0.1201936246,-22.2783067825,-1.72665745445,-28.8173865447,28.83418215,0.0
5.819999999999964,-3.12087317148,-82.4557898225,3.24683267283,4.76736779775,0.946140051251,0.0,0.431670731611,-22.9825932713,-1.56159168573,-28.8214769987,28.8315818253,0.0
5.879999999999963,-3.13116561815,-83.8297790363,3.13852637545,3.0380236245,2.67611716097,0.0,-0.783474370675,-22.5932003885,-1.93798036286,-28.8241773841,28.8352490673,0.0
5.939999999999961,-3.18563128119,-85.1799494033,3.03874222979,1.30847559523,4.40651759562,0.0,-0.734657092113,-22.6165610858,-1.64413119461,-28.8274144109,28.8454259009,0.0
5.99999999999996,-3.1893738288,-86.5334323289,2.9348925278,5.86194164404,6.13732454594,0.0,0.486687801268,-22.6435928732,-1.57490022978,-28.8306014643,28.8487491719,0.0
6.059999999999959,-3.16450640319,-87.9163956788,2.83871388465,4.13220233697,1.58499846225,0.0,0.0427588252174,-23.2383199395,-1.83340562343,-28.826685704,28.8459164562,0.0
6.1199999999999575,-3.19870166362,-89.290845342,2.72442947429,2.40251622289,3.31582909284,0.0,-0.986046886081,-22.6003225711,-1.69785681442,-28.8303387969,28.8490099479,0.0
6.179999999999956,-3.24219042964,-90.6541475748,2.62287869244,0.672700145997,5.04664052593,0.0,-0.167113966572,-22.7221796296,-1.87129915293,-28.8306997543,28.8439210547,0.0
6.239999999999955,-3.22303613423,-92.0240473154,2.52096451467,5.22595543848,0.494056554894,0.0,0.559592983215,-23.219148164,-1.5266389781,-28.8344880813,28.8424867248,0.0
6.299999999999954,-3.21355706425,-93.4241838369,2.41324247639,3.49596428627,2.22457003923,0.0,-0.465858969073,-23.1909689835,-2.02719552558,-28.8324572203,28.8421238839,0.0
6.359999999999952,-3.26270675319,-94.7982334681,2.30216947703,1.76576251715,3.95498366289,0.0,-0.89350869694,-22.873919869,-1.62768310307,-28.8433022692,28.8364274322,0.0
6.419999999999951,-3.28276293975,-96.1719691709,2.19347426667,0.0351726202599,5.68504597118,0.0,0.290281426804,-22.8331078835,-1.82857412566,-28.8436236851,28.8317373401,0.0
6.47999999999995,-3.2531096722,-97.5652364996,2.09337910684,4.58762385176,1.13177140584,0.0,0.413551131545,-23.567212172,-1.77479094542,-28.8473442615,28.8306596986,0.0
6.5399999999999485,-3.2675911776,-98.9684135286,1.97424124049,2.85675200773,2.86156999032,0.0,-0.820122558967,-23.0225877305,-2.03622290779,-28.8486616174,28.8289223877,0.0
6.599999999999947,-3.31734402474,-100.348984332,1.86685418471,1.12591643053,4.59141246075,0.0,-0.537828965891,-23.1136453628,-1.85998704791,-28.8447798702,28.8327952573,0.0
6.659999999999946,-3.31063141037,-101.732131454,1.75539290519,5.67848237233,0.0381918973949,0.0,0.591240727688,-23.2395141419,-1.64296948531,-28.8420157704,28.832670833,0.0
6.719999999999945,-3.28587419134,-103.147445107,1.64851515943,3.94811732625,1.76806202575,0.0,-0.070079738784,-23.6726822191,-2.03864039196,-28.835980921,28.8289552886,0.0
6.779999999999943,-3.32254475827,-104.546247652,1.52634967841,2.21793355772,3.49789028829,0.0,-0.927182663934,-23.0727003704,-1.76721783209,-28.8370312148,28.8326586809,0.0
6.839999999999942,-3.35739061834,-105.936550502,1.41488169574,0.487710545883,5.22780410254,0.0,0.0285706450377,-23.1104656813,-2.01144435719,-28.838089169,28.8317112459,0.0
6.899999999999941,-3.3310571903,-107.336140348,1.3061432586,5.04067804426,0.674632593053,0.0,0.5842439867,-23.7468784625,-1.72748704726,-28.8349752676,28.8358658917,0.0
6.95999999999994,-3.3249956359,-108.761883602,1.18616697651,3.3105542905,2.40473485232,0.0,-0.526186547703,-23.5318667992,-2.20223814126,-28.8372215291,28.8348830141,0.0
7.019999999999938,-3.37290165166,-110.1593489,1.06812516364,1.58025209105,4.13464125313,0.0,-0.785744581181,-23.3168244693,-1.81648839937,-28.8389915428,28.8252512184,0.0
7.079999999999937,-3.38258356597,-111.556736926,0.949371823413,6.13311605657,5.86400547662,0.0,0.441549642637,-23.2727163724,-1.92241314746,-28.8383514896,28.818740194,0.0
7.139999999999936,-3.35003348779,-112.978774573,0.839675153592,4.40272780207,1.30989888714,0.0,0.35779993312,-23.9889598393,-2.00355913137,-28.8409771666,28.8156513136,0.0
7.1999999999999345,-3.36859506526,-114.40208443,0.709647282565,2.67211883478,3.03873455293,0.0,-0.839762700557,-23.3379902074,-2.11414877811,-28.847587955,28.8111771542,0.0
7.259999999999933,-3.41294016806,-115.805504715,0.592885034818,0.941330637864,4.76745162958,0.0,-0.333334653368,-23.4555102406,-2.08671270453,-28.8449785003,28.8131797182,0.0
7.319999999999932,-3.39712740388,-117.2121252,0.473045099058,5.49372113186,0.213283102499,0.0,0.657368361861,-23.7406853742,-1.76858245768,-28.8491251637,28.8220539994,0.0
7.379999999999931,-3.37370264285,-118.651883712,0.353292676722,3.76289093265,1.94253725328,0.0,-0.17204363464,-23.973471145,-2.25499823895,-28.8452394111,28.8199858163,0.0
7.439999999999929,-3.41203959294,-120.068932145,0.222265734692,2.03221775412,3.6717563535,0.0,-0.858003128693,-23.455981919,-1.90291801157,-28.8435379685,28.8208154181,0.0
7.499999999999928,-3.43817859628,-121.480014694,0.0988236889412,0.301764357458,5.40076437512,0.0,0.192348391573,-23.4308424917,-2.16046036479,-28.8383348468,28.8111375384,0.0
7.559999999999927,-3.40626456978,-122.904646554,0.0,4.85465159918,0.846352841242,0.0,0.596423792734,-24.1532797644,-1.9800157831,-28.8372043669,28.8143663254,0.0
